0.000000
-0.03128
-0.05387
-0.06910
-0.07963
-0.08768
-0.09376
-0.09700
-0.09668
-0.09343
-0.08937
-0.08716
-0.08888
-0.09508
-0.10504
-0.11739
-0.13063
-0.14358
-0.15574
-0.16732
-0.17849
-0.18850
-0.19554
-0.19772
-0.19414
-0.18516
-0.17199
-0.15585
-0.13757
-0.11795
-0.09822
-0.07981
-0.06393
-0.05145
-0.04283
-0.03794
-0.03619
-0.03714
-0.04084
-0.04768
-0.05794
-0.81622
-0.87998
-0.94252
-1.00205
-1.06209
-1.12268
-1.17851
-1.22526
-1.26424
-1.29780
-1.32808
-1.36105
-1.43889
-1.51141
-1.56305
-1.59664
-1.64914
-1.69978
-1.71872
-1.75611
5.738806
-1.80601
4.756943
3.900461
3.163021
2.539586
2.026838
1.622845
1.326065
1.134083
1.042417
1.043624
1.126894
1.278318
1.481817
1.720291
1.976688
2.235285
2.482862
2.708013
2.899177
3.046773
3.149872
3.216255
3.251499
3.250243
3.201889
3.106100
2.978225
2.838574
2.701920
2.575649
2.462364
2.363092
2.279381
2.213044
2.164154
2.129673
2.103977
2.080444
2.052839
2.016492
1.969798
1.915034
1.856801
1.798901
1.742034
1.683540
1.619244
1.546434
1.465418
1.378318
1.287228
1.194040
1.101288
1.012112
0.929006
0.852692
0.782217
0.715992
0.652840
0.592071
0.532643
0.472892
0.411699
0.349729
0.289177
0.232209
0.179490
0.130126
0.083119
0.038987
